[48;2;255;182;88m[38;2;40;0;58mMe
[48;2;62;62;125m[38;2;255;120;20mSm
[48;2;240;240;240m[38;2;255;10;10mB[38;2;40;40;255ma
[48;2;20;20;20m[38;2;232;232;232mTa
[48;2;255;127;127m[38;2;191;63;191mA[48;2;127;127;255m[38;2;255;191;127mr
[48;2;191;210;255m[38;2;96;96;96mCk
[48;2;0;0;0m[38;2;255;180;20mCb
[48;2;220;190;150m[38;2;100;70;30mCa
[48;2;205;0;255m[38;2;255;0;0mSo
[48;2;10;255;10m[38;2;255;30;30mJe
[48;2;130;96;32m[38;2;231;200;80mLi
[48;2;255;212;212m[38;2;0;0;0mPw
[48;2;91;91;91m[38;2;255;255;255mMa
[48;2;96;64;0m[38;2;160;108;10mCr
[48;2;108;108;255m[38;2;231;201;120mMi
